8
9
3
10
12
13
14
15
16
17
20
19
22
23
21
26
25
28
29
27
32
31
33
34
36
35
37
38
39
41
43
44
42
46
47
48
50
52
53
4
49
55
54
57
56
60
61
62
63
64
66
67
68
69
71
72
73
76
77
79
80
81
82
84
85
86
87
88
89
90
91
92
93
94
95
96
97
98
99
100
101
102
105
106
107
108
109
110
111
112
113
114
115
116
117
118
120
121
122
123
124
126
127
128
129
130
131
132
133
134
135
136
137
138
139
140
141
142
143
144
145
146
148
149
150
151
152
153
154
155
156
157
158
159
160
161
162
163
164
165
167
168
169
170
171
172
173
174
175
176
177
178
179
180
181
182
184
185
186
188
187
189
190
191
192
193
194
195
196
197
198
199
200
201
204
207
205
208
206
209
210
211
213
212
214
216
218
217
219
221
220
222
223
224
226
227
225
229
231
232
230
234
235
233
236
237
238
241
239
242
243
244
246
247
245
248
249
250
251
253
255
256
254
257
258
261
259
262
263
267
266
268
271
272
270
269
273
274
275
277
276
278
279
280
281
283
284
285
286
287
288
289
291
290
292
293
297
296
298
295
299
300
303
306
304
305
309
307
308
310
313
311
315
316
317
318
312
319
321
320
325
326
327
329
324
330
328
331
332
334
335
336
337
338
340
339
342
341
344
343
346
347
349
350
352
353
351
345
354
355
357
356
359
360
358
364
362
366
363
367
368
369
372
370
361
375
373
376
377
380
381
382
383
384
378
385
386
374
388
389
390
392
391
393
394
395
396
400
399
403
402
401
404
405
408
409
412
410
413
406
415
414
419
420
421
416
422
424
425
423
427
407
431
430
428
432
433
434
426
435
438
437
439
440
441
443
445
444
446
447
448
449
450
452
453
454
456
455
458
459
460
462
463
464
466
465
467
468
469
474
475
473
470
477
476
479
481
478
484
482
483
485
486
487
489
490
491
494
493
497
498
492
499
500
501
504
502
503
505
507
506
508
509
511
510
512
516
513
515
517
518
520
521
522
524
526
527
528
530
529
531
532
533
536
535
537
539
538
540
542
543
544
545
546
547
550
552
551
553
554
555
556
557
558
559
560
561
562
563
564
565
566
567
568
570
569
571
572
573
574
576
575
577
579
578
580
582
581
584
585
586
587
588
589
590
591
592
593
594
596
595
597
599
598
600
601
603
602
604
605
607
606
608
609
610
611
613
614
615
617
616
618
619
620
621
622
623
624
625
626
627
628
629
630
632
633
631
634
636
639
638
640
642
641
644
643
645
646
648
647
649
650
652
653
654
655
656
657
658
659
660
661
662
663
664
665
668
669
670
671
672
673
674
675
676
685
698
679
699
693
687
692
677
688
682
705
701
686
704
689
700
708
709
706
702
711
690
712
691
703
707
710
716
714
715
678
720
723
717
726
721
733
729
725
732
735
734
740
713
745
724
739
738
730
747
744
741
756
759
753
743
755
737
760
754
742
750
758
751
752
770
764
767
749
761
773
766
780
771
778
783
774
782
762
781
776
775
765
772
792
787
785
786
790
763
784
791
795
802
793
797
800
794
789
811
801
799
798
803
806
805
817
812
796
814
821
816
819
813
815
822
820
810
829
823
824
828
825
834
830
831
833
827
843
841
845
848
839
844
835
836
832
807
852
854
850
855
837
849
851
846
840
856
857
842
863
866
865
868
859
869
874
860
862
882
880
876
884
881
883
888
873
887
867
878
893
877
889
897
891
899
900
870
902
875
894
895
911
901
896
907
915
904
916
906
909
912
903
910
914
923
917
926
925
908
927
933
920
919
922
937
936
934
935
939
943
946
953
945
951
941
958
952
947
940
924
944
961
960
957
956
948
962
930
954
963
950
970
921
974
983
975
971
973
969
981
976
964
988
980
978
967
989
990
984
977
965
991
998
996
994
997
1003
1005
1002
985
1000
993
1009
1008
1001
1006
1014
1016
1010
1007
1019
1015
982
1017
1011
1022
1031
1018
1027
1025
1035
1034
1033
1024
1026
1029
1030
1023
1037
1036
1012
1041
1032
1046
1048
1047
1045
1053
1043
1049
1052
1055
1040
1054
1042
1062
1057
1063
1051
1059
1056
1064
1067
1075
1065
1068
1066
1039
1070
1081
1069
1079
1074
1078
1076
1072
1080
1093
1082
1084
1099
1083
1095
1096
1094
1101
1087
1100
1097
1090
1106
1103
1089
1088
1102
1110
1092
1108
1071
1113
1111
1115
1105
1121
1085
1122
1128
1126
1120
1109
1127
1123
1119
1131
1132
1133
1135
1134
1136
1138
1140
1139
1141
1142
1145
1146
1147
1144
1148
1149
1150
1152
1154
1155
1156
1159
1157
1160
1161
1162
1163
1164
1165
1168
1167
1169
1171
1173
1170
1174
1172
1177
1175
1178
1179
1176
1180
1181
1183
1184
1182
1185
1186
1188
1190
1189
1191
1193
1194
1196
1195
1198
1197
1199
1200
1201
1203
1204
1206
1202
1208
1209
1207
1210
1211
1213
1212
1214
1215
1216
1217
1219
1220
1222
1221
1224
1226
1223
1227
1228
1225
1232
1233
1234
1235
1236
1237
1239
1240
1241
1243
1245
1242
1248
1250
1249
1246
1252
1253
1254
1256
1257
1258
1259
1261
1262
1263
1265
1267
1266
1268
1270
1271
1272
1275
1273
1276
1277
1286
1280
1291
1285
1284
1283
1288
1287
1282
1279
1313
1314
1317
1304
1320
1301
1297
1309
1323
1292
1315
1324
1322
1312
1328
1302
1325
1331
1332
1333
1319
1327
1334
1339
1336
1340
1299
1337
1343
1335
1342
1345
1344
1348
1346
1347
1308
1350
1356
1354
1349
1352
1298
1355
1364
1362
1351
1359
1366
1368
1367
1360
1369
1373
1371
1370
1375
1379
1378
1353
1381
1383
1374
1382
1386
1380
1389
1396
1392
1385
1395
1399
1423
1403
1393
1405
1408
1410
1404
1407
1391
1295
1400
1406
1416
1361
1413
1419
1414
1422
1421
1409
1420
1418
1411
1300
1306
1
5
4
3
8
9
20
19
22
25
26
27
28
31
29
34
35
36
37
42
41
44
48
46
49
54
53
55
57
56
61
60
58
63
62
69
72
76
81
85
88
91
122
138
142
145
149
153
156
159
162
167
170
173
176
179
182
187
186
188
193
195
198
201
244
246
243
245
249
250
253
255
257
259
262
266
268
269
271
274
263
276
277
281
283
278
287
284
291
288
289
293
297
299
300
303
307
308
304
313
315
310
320
317
324
321
325
318
319
331
337
339
335
343
346
347
352
350
354
356
357
363
364
366
367
368
369
370
372
373
374
375
361
377
380
362
381
382
383
384
385
386
387
390
388
389
391
392
394
393
396
395
398
399
400
402
342
403
401
405
404
406
409
413
407
410
412
421
414
415
422
424
426
427
430
433
419
438
434
431
443
439
441
444
446
448
449
450
447
453
462
456
458
454
455
459
464
466
465
468
473
467
474
477
476
481
482
475
478
488
489
490
483
486
485
484
502
500
496
487
498
507
499
505
501
492
491
511
504
509
517
506
515
512
516
522
526
508
513
528
497
520
529
530
523
527
536
518
537
531
538
540
539
521
547
546
545
541
550
542
558
544
555
553
543
535
559
551
557
561
556
554
568
566
567
569
564
565
563
575
560
578
579
577
570
571
576
581
573
588
582
584
586
585
574
592
591
590
3
5
8
9
12
13
14
15
16
17
20
21
22
23
26
25
29
28
27
31
32
33
34
35
37
38
36
41
39
42
43
46
44
48
50
49
53
54
56
55
58
57
60
61
62
63
64
66
67
68
69
71
72
73
77
79
80
81
82
84
85
86
87
89
88
90
91
92
93
94
95
96
97
98
99
100
101
102
105
106
107
108
109
110
111
112
113
114
115
116
117
118
120
122
121
123
124
126
127
128
129
130
131
132
133
134
135
136
137
138
140
141
142
143
145
146
148
149
150
151
152
153
154
155
156
158
157
159
160
161
162
163
165
167
168
169
170
172
173
174
175
176
177
178
179
180
181
182
184
185
186
188
187
189
191
190
192
193
194
195
196
197
198
199
200
201
204
205
206
207
208
209
210
211
212
213
3
3
8
9
10
12
13
14
15
16
17
19
20
21
22
23
25
26
