8
3
9
10
13
16
20
19
21
22
26
25
29
27
28
31
3
8
12
13
14
15
16
17
19
20
21
22
23
25
26
28
29
27
32
33
34
35
37
36
38
39
41
42
44
43
46
47
50
49
52
53
54
55
56
58
57
60
61
63
62
66
64
67
68
69
71
72
73
76
77
79
80
81
82
84
85
86
87
88
89
90
91
92
93
94
95
96
97
98
99
100
101
102
105
106
107
108
109
110
111
112
113
114
115
116
117
118
120
121
122
123
124
126
127
128
129
130
131
132
133
134
135
136
137
139
138
140
141
142
143
144
145
146
148
149
150
151
152
153
154
155
156
157
158
159
160
161
162
163
164
165
167
168
169
170
171
172
173
174
175
176
177
178
179
180
181
182
184
185
186
187
188
189
190
191
192
193
194
195
196
197
198
199
200
201
204
205
3
9
12
13
14
15
16
17
19
20
21
22
23
25
26
27
28
31
32
33
34
35
36
37
38
41
42
43
44
47
46
48
49
52
50
54
53
55
56
58
61
60
62
63
64
66
67
68
69
71
72
73
76
77
79
80
81
82
84
85
86
87
88
89
90
91
92
93
94
95
96
97
98
99
100
101
102
105
106
107
108
109
110
111
112
113
114
115
116
117
118
120
121
122
123
124
126
127
128
129
130
131
132
133
134
135
136
137
139
138
140
141
142
143
144
145
146
148
149
150
151
152
153
154
155
156
157
158
159
160
161
162
163
164
165
167
168
169
170
171
172
173
174
